ply
format ascii 1.0
comment PCL generated
element vertex 1347
property float x
property float y
property float z
property uchar red
property uchar green
property uchar blue
element camera 1
property float view_px
property float view_py
property float view_pz
property float x_axisx
property float x_axisy
property float x_axisz
property float y_axisx
property float y_axisy
property float y_axisz
property float z_axisx
property float z_axisy
property float z_axisz
property float focal
property float scalex
property float scaley
property float centerx
property float centery
property int viewportx
property int viewporty
property float k1
property float k2
end_header
-0.0083198119 -0.089244194 0.012185633 49 45 28
-0.0079097822 -0.086728416 0.0061564445 46 40 23
-0.0069125784 -0.081426129 -0.0079891682 39 34 14
-0.0066100992 -0.075851411 -0.016859889 39 35 18
-0.0059765615 -0.066128649 -0.022781253 64 60 44
-0.0056901197 -0.058863282 -0.023194015 77 67 50
-0.0050215852 -0.052415013 -0.021486163 77 65 48
-0.0035199821 -0.041379407 -0.02362287 70 49 35
-0.0027773129 -0.038725149 -0.026842654 87 56 47
-0.00199062 -0.033010826 -0.026997745 90 52 44
-0.0014671013 -0.029408127 -0.025977314 62 29 18
0.0037405528 0.038852654 -0.0069311857 120 96 80
0.003414005 0.028742142 -0.018277884 135 110 96
0.0032698512 0.021228008 -0.026971042 140 113 99
0.0015085023 -0.0032061264 -0.023122132 90 72 56
0.00052288547 -0.012626804 -0.02508086 69 55 38
0.0041565597 0.043702535 -0.005123198 104 82 64
0.0027609672 0.0092578605 -0.032958329 116 89 74
0.0030464474 0.012769565 -0.032715023 141 116 102
0.00015313923 -0.017432079 -0.027533174 98 74 58
0.0017934423 0.001803562 -0.026591897 45 27 11
0.0024288334 0.0061673522 -0.031859756 100 79 59
-0.00011508726 -0.020395715 -0.028473079 100 69 58
0.0014198553 -0.0004940033 -0.023540497 85 67 51
0.0039052051 0.041640088 -0.0047430992 108 86 70
0.0033034738 0.02422519 -0.023468435 140 116 100
0.0032066423 0.017242685 -0.03060925 141 114 100
0.004629571 0.049922496 -0.0034584403 97 74 60
0.0070167817 0.079805002 -0.0003054738 98 75 53
0.0082385838 0.10753872 0.017403781 20 16 6
0.0078957099 0.095415562 0.0061864853 64 50 33
0.0020970702 0.0036895499 -0.029476047 78 58 40
0.0010756515 -0.0070313513 -0.023682058 75 61 44
-0.0042896536 -0.046410665 -0.021807671 54 44 27
-0.0073995339 -0.084231302 -0.0015182495 47 41 24
0.0036469363 0.035850249 -0.010553181 125 98 83
-0.073303312 0.0015333667 0.05872941 162 147 132
-0.071875796 -0.01707527 0.052471876 155 131 115
-0.051060587 -0.065046616 0.022919476 120 112 95
-0.042905696 -0.070599318 0.013128996 78 74 57
-0.044446487 -0.071965829 0.02034241 86 82 65
-0.05238596 -0.066226937 0.031438649 119 109 92
-0.032367654 -0.0631309 -0.0085983872 84 79 58
-0.037616689 -0.067315347 0.00041162968 57 54 34
-0.056294959 -0.057802953 0.025459647 104 98 82
-0.026327996 -0.056661148 -0.014106691 126 112 95
-0.038705539 -0.052628692 -0.0054599047 109 95 75
-0.04694083 -0.055525497 0.0038281679 114 104 87
-0.058008365 -0.058527894 0.03467828 140 134 118
-0.031981863 -0.048721299 -0.010383189 118 103 83
-0.051051747 -0.042015452 0.0038033724 117 111 94
-0.041876055 -0.041791994 -0.0056374669 125 111 92
-0.064015642 -0.040816933 0.029188633 146 138 122
-0.033750933 -0.012034863 -0.011976302 136 111 97
-0.027654679 -0.016933389 -0.015417695 128 110 94
-0.033431321 -0.029807344 -0.013124704 133 118 99
-0.040461618 -0.028265201 -0.0079026222 132 116 101
-0.066226065 -0.041445334 0.039433181 160 149 134
-0.02362304 -0.052931622 -0.015139043 122 105 85
-0.034878865 -0.040319219 -0.01039511 118 103 83
-0.021963319 -0.048991293 -0.016253054 117 95 77
-0.029141597 -0.04617963 -0.011782765 119 100 80
-0.017936656 -0.036389016 -0.020775199 130 102 91
-0.027273117 -0.043090068 -0.013483346 124 107 87
-0.065494299 0.012419105 0.029393315 156 142 125
-0.070719779 -0.024589539 0.047461867 134 114 98
-0.022198996 -0.03498153 -0.016229272 132 110 94
-0.029185649 -0.03761689 -0.012218356 118 104 81
-0.031787582 -0.039178941 -0.01127398 121 107 84
-0.030443761 -0.030458264 -0.014355779 104 90 71
-0.016166793 -0.033628829 -0.021578789 125 92 89
-0.02462429 -0.034019817 -0.014620841 99 83 67
-0.028099844 -0.030700013 -0.015523374 95 81 62
-0.020834472 0.021418273 0.0033119321 82 59 47
-0.0207507 0.017564677 -0.00029051304 102 78 62
-0.014302111 -0.03131 -0.021425188 127 94 91
-0.02049437 -0.033023566 -0.016737521 95 70 58
-0.024154676 -0.030680515 -0.016172707 69 51 36
-0.023988975 -0.020725429 -0.017865837 81 69 52
-0.025670849 -0.0186681 -0.016490459 122 108 91
-0.012977857 -0.029826429 -0.020341158 98 64 59
-0.01917653 -0.031379025 -0.017025769 59 31 23
-0.02313411 -0.032554969 -0.015109301 55 37 22
-0.020768711 -0.02493633 -0.018989384 105 90 75
-0.021126572 -0.015351824 -0.018142164 121 107 90
-0.013150366 0.021130517 -0.0029489994 111 89 73
-0.013048666 0.012079097 -0.0092377663 149 122 107
-0.038926639 0.013625361 0.0016641021 130 109 97
-0.044005021 0.022449397 0.0098072886 146 137 126
-0.018415889 -0.030561127 -0.016617894 68 40 32
-0.021925768 -0.031444706 -0.015059829 51 28 16
-0.02289756 -0.030748032 -0.015825629 59 41 26
-0.019727273 -0.018317379 -0.019689739 95 83 66
-0.014253883 0.0027078912 -0.010575116 109 78 59
-0.013306884 0.026374236 0.0041998029 63 47 31
-0.012923088 0.023918822 -8.1062317e-005 83 63 47
-0.02119674 0.024925314 0.005890131 74 55 43
-0.02172206 -0.030983765 -0.014888883 61 40 28
-0.022118187 -0.030811332 -0.015248537 63 42 30
-0.019528972 -0.026640847 -0.018755198 94 75 63
-0.036850262 0.024987757 0.0085709095 118 106 97
-0.039670989 0.026397504 0.010729015 131 121 112
-0.058448333 0.037878424 0.02777338 153 136 124
-0.021698833 -0.030767009 -0.014852047 61 40 28
-0.018887373 -0.028006837 -0.018205941 80 56 47
-0.018310605 -0.021644183 -0.020355523 109 94 79
-0.0021928493 0.034627438 -0.0088974237 94 72 56
-0.0027312739 0.026831754 -0.016743541 136 111 97
-0.0074161319 0.021517664 -0.013203263 132 108 92
-0.010422044 0.029978134 0.0050278902 58 44 27
-0.0098480005 0.027943596 0.00022119284 64 48 32
-0.017553207 0.026008688 0.0064386725 66 48 33
-0.021023491 0.029278465 0.007833004 51 38 25
-0.020183319 0.033006191 0.0091810226 23 18 11
-0.055277184 0.025513977 0.020842791 146 133 118
-0.049536768 0.029232509 0.018880248 135 123 114
-0.018281179 -0.029365756 -0.017082453 71 43 35
-0.014512757 -0.021510273 -0.022617102 130 111 99
-0.012922427 0.0075246021 -0.014578164 118 91 76
-0.0016660169 0.03806562 -0.0051655769 102 80 64
0.00070895627 0.038719311 -0.0065758228 109 87 71
-0.018254437 0.038383275 0.010461152 22 18 8
-0.033269022 0.029897071 0.0092749596 74 64 55
-0.030842215 0.033244632 0.0094940066 89 86 89
-0.048293825 0.037234806 0.018332183 113 99 82
-0.052210353 0.047690153 0.018690586 144 131 116
-0.065925166 0.01857058 0.0328601 156 142 125
-0.071850434 0.013037659 0.050037265 111 99 82
-0.069186211 0.040958084 0.050044954 111 104 91
-0.065958351 0.024722494 0.035059273 156 142 125
-0.013788763 -0.023435518 -0.022484362 114 88 79
-0.007619564 -0.0053977817 -0.019037902 81 57 39
-0.013825992 0.0039639249 -0.012578547 110 79 60
-0.012882161 0.0072362721 -0.016743004 117 89 71
-0.010924026 0.011516623 -0.017241478 136 109 94
-0.0099418554 0.033309802 0.0092974901 43 31 14
-0.018065011 0.029789194 0.0083764791 44 33 18
-0.030229371 0.038383365 0.0093756914 30 28 26
-0.043608528 0.037385389 0.015905797 90 76 59
-0.043647151 0.040831588 0.013124943 104 90 73
-0.047894046 0.04379116 0.014517903 98 84 67
-0.07206966 0.040667348 0.05937469 41 38 22
-0.066015407 0.04006546 0.041992128 169 156 143
-0.012514848 -0.027398765 -0.020782173 74 40 33
-0.0059973635 -0.012300394 -0.025014162 112 98 79
-0.013920717 -0.00049634278 -0.013234556 112 81 62
-0.012368027 0.0029838756 -0.018668056 153 122 103
-0.011086524 0.01027853 -0.019411683 137 110 95
-0.006140532 0.018059269 -0.023046911 149 125 109
-0.0035431124 0.019934587 -0.025227904 152 127 113
1.6026199e-005 0.02832564 -0.017991126 148 123 111
-0.007125129 0.033942319 0.0045630336 69 53 37
-0.0038519707 0.040256396 0.00063413382 81 63 48
-0.016185896 0.038152002 0.011246622 22 18 8
-0.059416167 0.05714599 0.032863021 103 93 76
-0.0065841856 -0.017293893 -0.026767254 137 117 101
-0.011949497 -0.0032202154 -0.014546633 115 85 68
-0.010857072 -3.8526952e-005 -0.017351449 114 83 64
-0.010959839 0.001783751 -0.018654525 127 96 77
-0.011213915 0.0077795535 -0.02099371 166 139 124
-0.010808792 0.0059175864 -0.021617472 164 136 118
-0.0032592062 0.043439671 0.0009778738 86 68 52
-0.0014126804 0.044853725 -0.0023367405 98 78 60
-0.045004968 0.046108469 0.010468066 92 78 61
-0.039989725 0.041990392 0.0097934604 100 87 74
-0.0055742995 -0.020010903 -0.026728094 106 78 67
-0.0033954158 -0.01192496 -0.02575469 110 96 77
-0.00091869943 -0.0028328896 -0.023733735 83 63 47
-0.0094680488 0.0045508295 -0.021324039 141 111 94
-0.0067115952 0.012054652 -0.027831137 161 134 119
-0.0037078466 0.01295159 -0.03088671 171 146 132
-0.0032657012 0.0096005052 -0.031313181 126 99 84
-0.0060684844 0.0093332753 -0.028421938 154 127 112
-0.00035270117 0.020975791 -0.026582062 154 129 115
-0.039788079 0.037088946 0.01341033 68 55 40
-0.040118981 0.03926535 0.011612535 71 58 43
-0.04802129 0.051299475 0.012633801 99 88 75
-0.057236727 0.069798037 0.034671426 38 34 18
-0.053951427 0.064198345 0.026275218 114 102 85
-0.0055207801 -0.025569703 -0.025561035 83 52 43
-0.0047345408 0.0071583167 -0.028471351 120 93 78
-0.0026723798 0.0066880584 -0.030263066 109 83 65
-0.0015977295 0.0026792064 -0.026052773 27 9 0
0.00077942573 0.043837704 -0.0044575334 110 88 70
-0.0054997429 0.038546696 0.0057961345 72 56 41
-0.015642166 0.033960931 0.010685563 27 20 7
-0.015478024 0.030896597 0.0090348125 40 27 12
-0.01456358 0.037141256 0.011937618 28 23 12
-0.03411597 0.037462369 0.010864675 40 35 29
-0.033888511 0.039606258 0.0065484047 53 47 40
-0.005934414 -0.028651081 -0.024673104 63 29 21
-0.0042676879 -0.016780637 -0.027347922 133 111 95
-0.00039368868 0.012918808 -0.032507002 141 116 102
-0.00043209083 0.0094329044 -0.032690644 117 90 75
-0.010714359 0.039875224 0.0044587255 55 40 25
-0.010209361 0.044761688 -0.0012515783 79 63 47
-0.011817463 0.033529975 0.010984182 38 27 12
-0.0129074 0.034644417 0.011847854 32 25 12
-0.03605707 0.035292797 0.011577189 54 44 35
-0.034921195 0.037484527 0.0090123415 37 31 24
-0.032572363 0.048568636 0.0021417141 84 68 58
-0.030434486 0.043285057 0.0042922497 77 65 58
-0.0033355383 -0.020154387 -0.027711034 99 69 58
-0.0050418498 -0.00031860918 -0.020976126 53 26 11
-0.0024790494 0.00055003166 -0.023127913 34 14 0
-0.0031406432 0.001508303 -0.022983551 34 14 0
-0.00013205409 0.0063291118 -0.031543911 97 74 54
0.00013387389 0.0020531043 -0.02650702 45 27 11
-0.0087177465 0.050290197 -0.0034193993 67 53 36
-0.012395486 0.037059322 0.0079395175 36 28 12
-0.013108248 0.035240345 0.012970567 32 25 12
-0.032194793 0.037907124 0.0099311471 28 25 19
-0.031825058 0.037484586 0.0073189735 37 34 28
-0.02662136 0.055355296 -0.0014688373 32 28 11
-0.05987398 0.074560225 0.044443846 26 23 7
-0.0030421931 -0.025562733 -0.026516497 83 52 43
-0.00055062026 -7.8491867e-005 -0.023796797 69 51 35
-0.014326775 0.046334729 -0.00017571449 75 59 43
-0.013154153 0.052223921 -0.0027012229 52 38 21
-0.013915106 0.041061416 0.0036059022 38 27 12
-0.011097793 0.035024479 0.011880875 42 29 14
-0.029324569 0.03965573 0.0044964552 28 25 19
-0.026435472 0.048908912 0.00035125017 80 65 50
-0.024526741 0.043637887 0.0031249523 66 54 45
-0.019842178 0.054100543 -0.0025780201 38 30 13
-0.003428271 -0.029151157 -0.025753379 64 31 20
-0.018482523 0.042893395 0.0031743646 54 39 24
-0.020045102 0.048192464 0.00025761127 77 61 45
-0.01486579 0.038426183 0.0061491728 27 22 11
-0.014132204 0.03724543 0.010049045 34 27 14
-0.015356222 0.037832811 0.010291338 24 19 8
-0.04326117 0.082967028 0.022516429 145 130 115
-0.046382561 0.08974418 0.032668948 106 92 73
-0.018718773 0.039043702 0.0046781301 20 16 6
-0.027895128 0.037491672 0.0062259436 64 65 61
-0.023696728 0.039574884 0.0038583875 20 17 11
-0.01634934 0.037431508 0.0083316565 22 18 8
-0.017339185 0.038252726 0.009270072 23 19 9
-0.027279086 0.039016418 0.0090740323 47 48 44
-0.034565099 0.088544041 0.016487777 120 103 84
-0.019141752 0.037596926 0.0067768693 19 15 5
-0.02075321 0.039156526 0.0096741915 20 15 8
-0.020061092 0.038431488 0.0082972646 19 14 7
-0.023259848 0.037516639 0.0059336424 20 19 13
-0.023911513 0.039252505 0.0092155337 22 19 13
-0.037878819 0.096133068 0.027445078 69 55 36
-0.02942664 0.10090564 0.023712635 54 44 27
-0.022043703 0.10419376 0.021457076 44 36 20
-0.012441913 0.09500362 0.0076714158 94 74 56
-0.019340498 0.093645796 0.0094552636 99 82 62
-0.014480863 0.10637751 0.019844413 32 27 16
-0.0049676481 0.079650804 -0.00036394596 106 83 63
-0.010862237 0.07967864 0.00015425682 114 88 69
-0.016890492 0.07990399 0.001517415 120 98 82
-0.023185214 0.079694897 0.0040431619 128 106 90
-0.03077882 0.077709779 0.0075311661 136 118 103
-0.040123947 0.073845521 0.013002515 147 131 116
-0.0018311981 0.041432306 -0.0020978451 96 76 60
0.00057364814 0.041572407 -0.0042338371 111 89 73
-0.014363145 0.028138407 0.0072314143 52 37 22
-0.0067919628 0.032182068 -0.00021100044 71 55 39
-0.010086961 0.017305978 -0.011256576 135 111 95
-0.011988961 -0.0060236901 -0.014341116 129 102 87
-0.012373004 -0.015295655 -0.023611426 100 86 67
-0.011467676 -0.019124024 -0.024944425 133 115 99
-0.028546154 0.033046596 0.0089951754 85 87 89
-0.030739047 0.029243082 0.0082976818 63 53 44
-0.033520408 0.024295509 0.0071364045 110 96 86
-0.036218628 0.019928671 0.0048709512 122 107 94
-0.032987304 0.013734274 5.877018e-005 114 91 79
-0.0080534164 -0.02043305 -0.025811434 109 81 73
-0.0077817114 -0.025603555 -0.024080634 84 52 45
-0.0083020348 -0.028447196 -0.02328217 66 32 24
-0.056365792 -0.024089523 0.0088732839 143 131 114
-0.0504773 -0.025420442 0.001560986 141 129 112
-0.065662235 -0.021773703 0.026374459 164 150 133
-0.065312058 -0.013805784 0.024884164 153 142 127
-0.048874587 -0.016594082 0.00015354156 146 131 116
-0.043425333 0.030376092 0.01538223 143 131 122
-0.037447706 0.0324113 0.011766851 58 48 39
-0.073389366 0.010060109 0.059894323 105 91 74
-0.02641684 0.091919214 0.012300849 102 84 68
0.0011097938 0.095410705 0.006008327 75 57 41
-0.010313064 0.013197877 -0.015084684 140 113 98
-0.0056678038 0.020335257 -0.020190775 143 119 103
-0.0031744018 0.022323117 -0.022170663 147 122 108
-0.00027143862 0.023591384 -0.023338258 155 130 118
-0.035645731 0.037337281 0.011883616 28 22 15
-0.03554786 0.030861706 0.010403693 58 48 39
-0.042038977 0.028386682 0.013311684 141 131 124
-0.046973046 0.02435068 0.013376772 156 147 136
-0.054735329 0.022049963 0.017715931 155 142 127
-0.006398337 0.015624352 -0.026018679 148 124 108
-0.0034286296 0.017075449 -0.028687298 149 124 110
-0.00013709441 0.017518729 -0.030166507 149 124 110
0.00075058453 0.10797216 0.01758945 23 19 9
-0.013594251 -0.0028747693 -0.011882067 118 88 71
-0.013106599 0.0078759938 -0.01263988 118 91 76
-0.0087979492 0.035803899 0.010258198 56 44 27
-0.021778872 0.0014697909 -0.010895014 122 93 74
-0.018914467 -0.0045236871 -0.013138711 107 77 62
-0.018163875 -0.0070909336 -0.014879107 115 86 71
-0.026650002 0.015169486 -0.00035107136 104 81 67
-0.026052745 0.020180613 0.003459394 97 78 66
-0.025342932 0.024359412 0.0058467388 92 73 61
-0.024308421 0.029150963 0.0076004267 53 41 31
-0.007147253 -0.0023077428 -0.018743396 87 61 43
-0.017161494 -0.010393292 -0.01709193 135 109 91
-0.016449034 -0.014227346 -0.019868135 121 107 90
-0.015409878 -0.018286124 -0.02214855 107 93 76
-0.017113362 -0.024257123 -0.020373821 114 95 83
-0.016422238 -0.025985375 -0.020254374 95 67 58
-0.015502818 -0.028416738 -0.018694282 75 47 38
-0.015858971 -0.030310288 -0.01835227 93 62 57
-0.01208699 0.031236753 0.0081202388 46 33 18
-0.01337075 0.032667503 0.0098916888 36 25 10
-0.013467874 0.036048502 0.012570083 31 24 11
-0.0024888925 0.0032519922 -0.025603414 35 15 0
-0.0039834175 -0.0025071874 -0.022615016 61 37 21
-0.0076024067 0.0066894814 -0.024454713 142 115 100
-0.009076803 -0.0033596307 -0.01664257 92 64 46
2.8610229e-005 0.0038433969 -0.029267311 51 31 15
-0.0019329377 0.0044346824 -0.028445065 71 49 33
-0.0029961225 0.004900068 -0.027544558 93 69 51
-0.0040470692 0.003809467 -0.024138093 83 59 43
-0.033135936 0.037784584 0.0097405314 27 22 16
-0.030814333 0.03783448 0.0086276531 43 41 39
-0.027182743 0.038177602 0.007942915 47 48 44
-0.023445128 0.038334772 0.0077803135 19 18 12
-0.012602316 0.035239808 0.012005985 34 26 10
-0.014010579 0.034668334 0.011793554 31 24 11
-0.017676298 0.033149928 0.0097696781 24 20 9
-0.022770574 0.033001855 0.0087682605 22 21 17
-0.032910727 0.033556208 0.010126054 85 81 79
-0.037441 0.0391877 0.00905478 65 55 46
-0.053431172 0.082346946 0.03831929 51 43 26
-0.050433952 0.076842844 0.028207839 98 86 69
-0.047794469 0.069722354 0.019811332 140 126 109
-0.041887868 0.054143973 0.0058505535 66 58 41
-0.039179344 0.048013978 0.0054316521 83 69 52
-0.035638705 0.042637631 0.0065013766 84 72 63
-0.035194132 0.037668377 0.011028528 37 31 24
-0.037295759 0.037318148 0.010408938 29 21 12
-0.034579448 0.034315243 0.01078862 66 58 51
-0.0011577001 0.048946939 -0.0034637451 90 72 56
-0.0049280087 0.048092827 -0.0030033588 80 63 44
-0.0072913687 0.043207869 -0.00077694654 78 62 46
-0.0085133351 0.03890685 0.0049740672 62 47 32
-0.01095973 0.036085799 0.0095748901 45 34 19
-0.012513459 0.036709949 0.011068881 36 28 12
-0.013834415 0.036945254 0.011213005 34 27 14
-0.022374351 -0.012583278 -0.016402662 122 98 80
-0.023760701 -0.010438837 -0.015009165 116 90 71
-0.027765885 -0.0046908408 -0.01234591 129 101 82
-0.028435919 0.01063589 -0.003657341 119 92 77
-0.0039850152 -0.032759488 -0.027127445 94 56 49
-0.0053499104 -0.038416907 -0.027137339 86 55 46
-0.0061685815 -0.04119318 -0.023712516 70 50 34
-0.008308582 -0.052374922 -0.021381557 90 75 60
-0.0089133866 -0.058789372 -0.023054302 82 71 56
-0.01008732 -0.065926053 -0.0224455 65 59 43
-0.01145892 -0.075316384 -0.016561866 53 47 31
-0.012863677 -0.080733694 -0.0079272985 41 36 16
-0.015119785 -0.085887946 0.0061243773 49 45 28
-0.015984001 -0.088345967 0.012389123 46 42 25
-0.0065582581 -0.032158356 -0.026886523 100 62 55
-0.0083537679 -0.037179537 -0.026913702 93 56 53
-0.0093801487 -0.040581252 -0.023853064 84 56 47
-0.011615099 -0.052576698 -0.02092284 98 83 68
-0.012516582 -0.058475006 -0.02249217 90 77 64
-0.014360985 -0.065042466 -0.021698952 78 71 58
-0.017018441 -0.074402176 -0.015504062 68 61 48
-0.018912388 -0.079199113 -0.0069423914 41 37 20
-0.021905111 -0.08411666 0.0072277784 47 45 27
-0.023244224 -0.086240619 0.013746917 42 39 23
-0.0091050528 -0.031776629 -0.02589798 108 71 67
-0.011109633 -0.035814859 -0.025920033 100 63 60
-0.012515605 -0.039468177 -0.023608923 93 65 54
-0.014788619 -0.052531399 -0.020034254 112 98 81
-0.016055284 -0.057962757 -0.021166444 105 91 74
-0.018768676 -0.063972168 -0.020095766 83 74 61
-0.02272162 -0.072132535 -0.013820291 60 56 40
-0.025093071 -0.076319896 -0.0052845478 50 47 31
-0.029034397 -0.080803305 0.0088282228 41 39 21
-0.030394658 -0.082949162 0.015791774 50 47 31
-0.016874652 -0.031246684 -0.018576026 108 77 72
-0.01835347 -0.03316585 -0.018700123 113 82 77
-0.020635741 -0.035280321 -0.018406212 131 106 92
-0.026574468 -0.049506448 -0.012859166 120 101 81
-0.029287988 -0.052527487 -0.01163739 111 97 74
-0.035700962 -0.05762437 -0.0065738559 90 80 61
-0.042821679 -0.061897814 0.0026075244 95 89 72
-0.049137834 -0.064424656 0.015241265 111 103 86
-0.0079225861 -0.0088354349 -0.021267891 108 93 73
-0.0048942496 -0.0070142299 -0.022658288 85 68 49
-0.001963269 -0.0067778602 -0.023762226 96 80 64
-0.022336103 -0.022864714 -0.01874882 98 84 67
-0.025959983 -0.030694004 -0.016094029 95 81 64
-0.026508374 -0.03591793 -0.013410985 118 103 83
-0.025149828 -0.039205913 -0.01525265 132 117 97
-0.023077052 -0.041003373 -0.016940117 127 110 90
-0.020243816 -0.043124396 -0.018404543 113 96 77
-0.013485134 -0.045772143 -0.0208565 81 67 48
-0.01043726 -0.046307646 -0.021477997 82 68 51
-0.0072324928 -0.046337131 -0.021720588 66 54 37
-0.014125575 -0.083385028 -0.0014454126 47 42 22
-0.020522248 -0.081654884 -0.00030255318 38 34 17
-0.027210006 -0.078629985 0.0012470484 38 36 18
-0.040792648 -0.069238141 0.0066138506 64 60 43
-0.046596903 -0.063587978 0.0086151361 92 84 67
-0.051170215 -0.056771211 0.010070503 124 118 101
-0.056295056 -0.041987889 0.011092186 130 124 107
-0.05500453 -0.015217394 0.0078949928 148 134 117
-0.048495248 0.0082400367 0.0046163201 141 121 105
-0.044220511 0.01445327 0.0044866204 141 122 110
-0.040371373 0.020828672 0.0069080591 131 119 109
-0.054184619 -0.057377346 0.01702404 117 113 97
-0.060399503 -0.041372269 0.019275427 151 143 127
-0.061327413 -0.023001909 0.017694116 153 141 124
-0.060447093 -0.014210671 0.016262054 147 137 120
-0.054205596 0.010408185 0.010634959 148 132 116
-0.029088255 -0.034454443 -0.013776302 108 94 74
-0.031679265 -0.034970183 -0.01254636 109 94 75
-0.03485531 -0.035153501 -0.011481643 117 102 83
-0.04152596 -0.035210751 -0.0066045523 137 123 106
-0.051101666 -0.034149665 0.0028018951 121 110 95
-0.056916416 -0.033481751 0.010031819 149 138 123
-0.06202431 -0.032370545 0.019355059 157 146 131
-0.067088738 -0.030166768 0.030624032 152 139 124
-0.069190487 -0.032525592 0.04224056 147 136 123
-0.026534345 -0.033633005 -0.014859021 102 86 70
-0.024684478 -0.03266041 -0.015408993 71 55 39
-0.023333797 -0.031742532 -0.015426099 50 32 17
-0.022546876 -0.031253941 -0.015125573 63 42 30
-0.022034112 -0.030949757 -0.01475203 63 42 30
-0.052740116 0.019117929 0.013523817 161 148 133
-0.038731642 0.033940867 0.012952209 42 30 20
-0.048797112 0.026500016 0.01647687 150 140 131
-0.044400506 0.032789364 0.016884148 93 78 65
-0.039837126 0.034992114 0.01397264 43 30 17
-0.036498085 0.037048183 0.012786269 31 23 14
-0.037216797 0.03604687 0.012394011 40 30 21
-0.037754588 0.037146367 0.01318568 34 23 10
0.00096707046 0.079718739 -0.00051355362 101 77 59
-0.0058055487 0.09537293 0.0063085556 85 67 51
-0.0069016749 0.10756764 0.018536687 32 28 17
0.00048215128 0.035566486 -0.010344505 119 95 79
-0.0071379654 0.029305212 -0.0042831898 76 58 42
-0.010021742 0.024917826 -0.0036962032 98 78 62
-0.021921339 0.01364734 -0.0031682253 119 92 77
-0.035813645 0.0084881037 -0.0028896928 134 110 94
-0.042438146 0.0078865513 0.00016188622 134 111 97
-0.058737755 0.013102621 0.017524302 150 136 119
-0.060946874 0.017445706 0.022653401 156 142 125
-0.033517316 0.055326134 0.0011498332 46 38 21
-0.069509283 -0.022322234 0.038097024 154 134 118
-0.069146499 0.0086187571 0.038813829 152 138 121
-0.071675792 0.0052172765 0.048544586 135 121 104
-0.049034152 0.016388766 0.008633256 151 136 123
-0.061528198 0.021626361 0.026096046 155 141 124
-0.063155338 0.061333716 0.041367233 32 28 12
-0.069447644 0.01570785 0.04106164 153 139 122
-0.06564799 0.064854965 0.051773608 21 19 8
-0.05279946 0.037507288 0.021404147 117 101 85
-0.031417195 0.019683421 0.0037677884 110 95 82
-0.029779833 0.024074197 0.0062009692 105 90 77
-0.027629489 0.028952599 0.0077191591 57 47 38
-0.025610475 0.032875918 0.0087422132 65 65 75
-0.01273584 0.0050736517 -0.017982006 147 117 100
-0.037041605 0.036562912 0.013136029 40 30 21
-0.037660848 0.036524817 0.012901425 38 27 14
-0.040210664 0.035941459 0.014468551 43 30 15
-0.044573266 0.034359328 0.017807424 92 77 62
-0.049419358 0.032006808 0.020173371 119 104 91
-0.055118822 0.029314004 0.022547483 134 119 104
-0.061472114 0.026587345 0.028145611 154 140 123
-0.069308423 0.023217291 0.042494237 156 144 127
-0.071749419 0.021419428 0.050861895 113 101 84
-0.073183417 0.019273765 0.060010612 51 43 26
-0.016548343 0.0067835152 -0.0085013509 130 102 84
-0.016668042 0.017217994 -0.0028768778 116 92 76
-0.016150594 0.020585522 -0.00022280216 93 70 56
-0.016704923 0.023395933 0.0035275817 72 51 39
-0.011923892 -0.010790594 -0.020095408 126 108 92
-0.0089858286 -0.013776027 -0.024289608 94 80 61
-0.0089571234 -0.01799614 -0.026139438 133 113 97
-0.012580216 4.3094158e-005 -0.016307473 131 98 77
-0.013615843 0.0041026175 -0.014898241 110 79 60
-0.0039651808 0.036063299 -0.0025892258 80 60 44
-0.0045056003 0.032585628 -0.0064239502 85 65 49
-0.0050426349 0.024714202 -0.015044212 125 101 85
-0.007931266 0.017189287 -0.017783642 152 125 110
-0.0082732821 0.015218236 -0.020293772 147 120 105
-0.0083832927 0.0136014 -0.023132503 144 117 102
-0.0087540075 0.010541596 -0.024658501 151 124 109
-0.0085494667 0.0083047822 -0.024937212 166 137 122
0.0056274142 0.061833292 -0.003028512 97 73 55
0.00014934782 0.061825261 -0.0037878752 97 75 57
-0.0051135095 0.062475845 -0.0038312674 100 80 64
-0.010376513 0.063767955 -0.0034103394 104 84 68
-0.015854944 0.064895853 -0.0019772649 114 96 80
-0.021739576 0.065826431 -8.5234642e-005 126 108 92
-0.027807336 0.065603092 0.0022932291 126 112 95
-0.036037933 0.063488409 0.0057561398 141 127 117
-0.044667181 0.060553133 0.012708127 155 142 127
-0.050670717 0.057383932 0.019223452 149 135 125
-0.055904701 0.052438773 0.025651336 154 139 124
-0.062995687 0.039023489 0.035709381 160 145 132
-0.013548691 0.001570113 -0.015233397 111 80 61
-0.037175924 -0.078232355 0.017967761 56 54 36
-0.035983376 -0.07630676 0.010951936 53 51 33
-0.033963468 -0.074350253 0.0038790107 51 49 31
-0.031396519 -0.072091594 -0.0026346445 64 62 44
-0.027997978 -0.068566538 -0.01137495 73 67 50
-0.023190565 -0.061364807 -0.017124116 103 95 78
-0.020052209 -0.056291699 -0.018623114 119 105 88
-0.018376758 -0.051223475 -0.018222272 112 97 78
-0.016892016 -0.044778302 -0.0198313 90 75 56
-0.015250091 -0.038083382 -0.022712111 114 84 75
-0.013534078 -0.034692589 -0.024329245 116 81 78
-0.011933045 -0.031431098 -0.023898423 136 99 96
-0.010534868 -0.029063974 -0.021801233 75 41 34
-0.010164359 -0.026056755 -0.022517264 79 47 40
-0.011021593 -0.021456912 -0.024456322 128 104 95
-0.01057356 -0.0022975281 -0.015280187 108 77 58
-0.0061003077 0.0030948669 -0.02081877 89 62 47
-0.06847696 -0.013509691 0.033636808 160 146 129
-0.070777297 -0.015208922 0.042038679 156 138 122
-0.045642231 -0.073512346 0.028200269 92 88 71
-0.01673341 -0.0908814 0.018347859 41 39 21
-0.02412848 -0.088602342 0.019828618 42 39 25
-0.0087095043 -0.091870248 0.017994702 47 43 26
-0.031274207 -0.084986821 0.022143066 52 50 32
-0.038466498 -0.079919867 0.025060773 63 59 42
-0.025292823 -0.045972295 -0.014892995 119 97 79
-0.063358694 0.049212374 0.038640857 121 107 90
-0.066977687 0.051503912 0.046819687 38 32 16
-0.070036843 0.052878104 0.056059897 24 21 7
-0.036781445 0.037579127 0.012209177 29 21 12
-0.038914725 0.037209302 0.011916161 41 30 17
-0.04230912 0.038566619 0.014002025 88 74 57
-0.046315908 0.039159127 0.016323805 104 90 73
-0.050599117 0.04081963 0.018241465 108 92 76
-0.055705335 0.043360077 0.02406168 145 130 115
-0.059772447 0.046348348 0.031260371 156 141 126
-0.065212473 0.031123303 0.036622941 164 149 134
-0.068335056 0.031110056 0.043259323 168 154 144
-0.071267918 0.030467711 0.051133335 87 78 67
-0.07256414 0.029236428 0.06006825 71 63 47
-0.037696209 0.036809951 0.013231933 34 23 10
-0.040154502 0.036564842 0.01429081 57 44 29
-0.044445354 0.035972491 0.017109334 91 77 60
-0.049536332 0.034803331 0.019947112 113 98 83
-0.054694269 0.033338659 0.023305058 125 110 95
-0.061022751 0.031395145 0.029570818 156 142 125
0.025335129 -0.062320914 -0.0053033829 50 44 27
0.030913923 -0.067639455 0.0052855015 43 40 20
0.036093809 -0.061902493 0.0067614913 55 50 30
0.029249191 -0.057620164 -0.0037744641 60 50 33
-0.0017422251 -0.076080106 -0.016609788 45 41 24
-0.00095862802 -0.081715591 -0.0074971914 37 32 12
0.0051462986 -0.081148922 -0.0060856342 31 28 8
0.0038987212 -0.07606411 -0.015455484 42 38 21
0.019571032 -0.056083571 -0.011756897 74 60 41
0.023102816 -0.052568093 -0.010206997 75 61 42
0.039252609 -0.063754208 0.013483644 53 51 33
0.04140155 -0.064909406 0.020806015 49 46 30
0.050305929 -0.050001409 0.023597062 68 66 48
0.046891782 -0.04973954 0.014963031 62 56 39
-0.0018860679 -0.066401079 -0.022552967 57 53 37
0.0026335511 -0.066205338 -0.021938205 61 55 39
0.01005224 -0.074828669 -0.013601065 39 35 18
0.011558592 -0.07924097 -0.0039479136 31 29 11
0.018225968 -0.076034553 -0.00085109472 34 32 14
0.015861735 -0.072144844 -0.010799348 47 42 22
0.017241746 -0.052416321 -0.013871372 76 61 41
0.020663597 -0.04936558 -0.012487233 76 61 41
0.034505688 -0.04668089 -0.0034964681 78 64 47
0.042546939 -0.048850097 0.007212162 68 59 38
0.044150688 -0.040930115 0.006436944 78 66 47
0.035386365 -0.039822962 -0.0043625832 81 67 48
0.053517081 -0.041250799 0.024202764 89 85 68
0.049116861 -0.041305535 0.014286935 72 64 47
-0.0023798998 -0.059158303 -0.023213685 75 65 48
0.001363419 -0.059394747 -0.022953987 77 67 50
0.0072905347 -0.065908574 -0.020386815 61 55 39
0.012154013 -0.064053297 -0.017344713 60 53 33
0.021097336 -0.067350119 -0.0076467991 46 40 23
0.015979638 -0.059846126 -0.014271736 77 63 44
0.027827874 -0.043956377 -0.0097252131 80 66 47
0.032614894 -0.015814155 -0.0092645884 97 80 61
0.025903098 -0.01978974 -0.014422357 88 74 57
0.028691467 -0.032986246 -0.012429059 71 61 42
0.035575617 -0.032664016 -0.0054991245 88 74 54
0.05313959 -0.050145503 0.034143507 75 72 56
0.054277413 -0.051204108 0.044977069 75 74 58
0.058528557 -0.042879097 0.048396409 93 90 76
0.05790934 -0.04008206 0.03631258 100 99 85
0.0050735772 -0.059415467 -0.021825612 76 64 47
0.0094858017 -0.058429185 -0.01936686 80 66 49
0.028745282 -0.038556874 -0.010791004 78 64 45
0.017871551 -0.041373305 -0.01704222 73 55 39
0.015267245 -0.043130048 -0.018801272 72 54 38
0.01638487 -0.048508219 -0.016275227 74 59 39
0.019163541 -0.045748133 -0.014711916 74 59 40
0.024817247 -0.042202696 -0.011676252 77 62 43
0.025591042 -0.037784733 -0.012839437 71 57 40
-0.0013676845 -0.046644405 -0.021882176 49 39 22
-0.0016837791 -0.052718364 -0.021391273 64 52 35
0.0015298128 -0.053350285 -0.021254539 71 57 40
0.0016638488 -0.047055587 -0.021725953 60 48 31
0.025485508 -0.03312242 -0.014760733 63 51 34
0.061898947 -0.023887247 0.040310323 100 101 89
0.065847583 -0.0023104921 0.046274066 82 71 56
0.064008266 0.0020296052 0.036517322 124 117 104
0.059552453 -0.023515791 0.031009555 99 95 84
0.0047014672 -0.046799943 -0.021379232 69 57 40
0.0046007894 -0.053731814 -0.020667613 74 60 43
0.0083588623 -0.052927319 -0.019132733 81 65 49
0.0082236454 -0.046230599 -0.020784795 71 57 38
0.01243417 -0.05115898 -0.017469287 78 63 44
0.011960911 -0.045030687 -0.020091355 71 56 37
0.012137255 -0.034503393 -0.020869553 91 63 54
0.013859354 -0.036829565 -0.02048701 76 48 39
0.015539888 -0.036549747 -0.018231928 75 49 40
0.014271146 -0.034432385 -0.01879555 81 56 44
0.022214428 -0.040096454 -0.013172507 76 60 44
0.01990911 -0.037993405 -0.014637172 75 57 42
0.0235928 -0.021376941 -0.016379356 70 60 43
0.028134272 -0.0081213489 -0.0095807314 84 60 44
0.023312747 -0.013327226 -0.013382256 95 79 63
-0.00026909821 -0.038651194 -0.027320623 87 56 47
-0.00091836229 -0.041438058 -0.02389127 71 50 38
0.0022333693 -0.041172199 -0.024280429 74 51 39
0.0026790015 -0.037751906 -0.02736932 88 52 45
0.022904072 -0.036791459 -0.014535785 58 44 27
0.020641331 -0.035635054 -0.015780807 46 30 15
0.021731704 -0.015305817 -0.015811205 93 79 60
0.019622112 -0.0070940256 -0.01145798 87 69 53
0.023408677 -0.0015429929 -0.0085897446 68 45 25
0.024615448 0.017628513 0.0058219433 75 60 45
0.024113171 0.01390399 0.0021631718 105 91 74
0.029392216 0.010722168 0.002697587 99 81 66
0.029485177 0.015664935 0.0065327287 74 58 43
0.0053146258 -0.03665024 -0.026780546 85 51 44
0.00532322 -0.04045137 -0.024387956 78 50 41
0.0082258247 -0.039233681 -0.023964584 73 43 34
0.0076355021 -0.035684604 -0.025584817 86 52 45
0.011138283 -0.037802693 -0.022541523 77 47 38
0.010148907 -0.034803458 -0.023282826 91 61 52
0.011137407 -0.032275908 -0.020893097 69 41 32
0.013423612 -0.032588683 -0.019236207 60 34 25
0.018445777 -0.035846002 -0.016074657 56 37 25
0.017148821 -0.034148555 -0.016636848 56 35 23
0.020937063 -0.032704882 -0.017077684 57 42 27
0.023006048 -0.033001017 -0.016297996 62 48 31
0.02146339 -0.023047321 -0.018312871 73 61 44
0.019413795 -0.024838939 -0.019561946 82 68 51
0.01842878 -0.0095707253 -0.014175057 94 80 63
-0.00023349747 -0.03292007 -0.027505398 93 57 49
0.0021551438 -0.032579325 -0.027510226 84 50 42
0.010503318 -0.031164967 -0.020624697 51 23 14
0.012986237 -0.031616896 -0.018884301 51 28 16
0.019007588 -0.034472901 -0.016612589 46 29 17
0.017794186 -0.033355221 -0.016845942 52 34 19
0.018086677 -0.020332087 -0.02019918 80 66 49
0.020015884 -0.017678857 -0.018238842 69 57 38
0.017006783 -0.012388192 -0.017101109 78 64 47
0.016099388 0.0097284019 -0.0076097846 72 50 32
0.017321354 0.01850009 -0.0013202429 126 111 98
0.014901478 0.022717178 -0.0023460984 133 112 98
0.014218047 0.015302122 -0.0099147558 117 101 86
0.029279731 0.019832283 0.0088646412 59 44 29
0.025361311 0.021027692 0.0084502101 55 40 27
0.050586343 0.0086098835 0.014036119 110 97 82
0.046672679 0.015304267 0.014854431 117 109 102
0.043184973 0.014244251 0.011527538 109 97 90
0.045988202 0.0075096712 0.009322226 103 89 72
0.0001682397 -0.029344276 -0.02605015 63 30 19
0.0023055337 -0.029000349 -0.025584459 55 26 12
0.0044516698 -0.03233318 -0.026958287 82 48 40
0.0068382081 -0.032120742 -0.025344551 70 40 29
0.008904295 -0.032133564 -0.023354173 82 52 43
0.016105343 -0.032825589 -0.016664386 53 32 20
0.019123588 -0.032441221 -0.01741761 58 42 27
0.017533252 -0.026538216 -0.020455599 66 50 34
0.015719876 -0.027961437 -0.020585716 66 48 33
0.017820822 -0.03234338 -0.017261267 57 39 24
0.017327402 0.021279372 0.0014518499 135 120 107
0.018026171 0.0236312 0.0058860779 127 112 97
0.015679091 0.027596094 0.006457746 122 101 87
0.014914032 0.025665052 0.0013865232 123 102 88
0.029032491 0.024744146 0.010551989 47 38 27
0.025867108 0.02541288 0.010369539 45 34 21
0.033530351 0.01893691 0.0097276568 77 61 51
0.032164857 0.024128914 0.011050761 55 46 33
0.042985845 0.019795612 0.015362382 108 100 91
0.040249839 0.018824764 0.012874305 103 93 84
0.0042736977 -0.029049389 -0.024632156 61 31 20
0.0059404839 -0.02956298 -0.023619771 53 23 12
0.0079715233 -0.030422904 -0.022527933 51 23 12
0.01615612 -0.032439187 -0.016645432 49 28 16
0.017044839 -0.03275957 -0.0166592 52 31 19
0.015911732 -0.023104347 -0.02174294 79 61 45
0.013898991 -0.025422163 -0.022217393 67 46 32
0.019081399 0.0252923 0.0090482235 123 108 93
0.020888448 0.020200342 0.0055919886 122 107 94
0.021911405 0.02266524 0.008585155 52 37 24
0.016499519 -0.032436535 -0.016427398 49 28 16
0.016894791 -0.032292478 -0.016844273 52 31 19
0.014598994 -0.029213652 -0.0202232 56 35 23
0.010814626 0.031097315 -0.0055897236 111 89 73
0.010797251 0.023311898 -0.014164269 119 95 79
0.012469361 0.019839182 -0.012088478 125 103 87
0.012729967 0.027378492 -0.0033739805 116 94 78
0.022892848 0.026440531 0.010572731 43 29 19
0.020516578 0.027931869 0.010989428 44 28 18
0.056900226 0.01646331 0.027101755 135 130 120
0.052046381 0.021151736 0.02441752 133 129 119
0.051182285 0.018598251 0.021957994 135 130 123
0.056137942 0.013214588 0.023880005 138 131 120
0.016242012 -0.03217531 -0.0164814 49 28 16
0.013503283 -0.030411713 -0.019222438 52 29 17
0.012807477 -0.026912149 -0.022294521 64 43 29
0.0088609979 0.037082188 -0.004573226 108 84 68
0.0067381617 0.038208038 -0.006239295 110 86 70
0.0066982079 0.034995973 -0.010024548 107 83 67
0.0090790894 0.033538207 -0.008312583 111 87 71
0.024230231 0.035664909 0.012899995 60 54 47
0.025608175 0.029225901 0.011679292 39 31 22
0.02817883 0.028833702 0.011577249 44 39 33
0.026851773 0.035995357 0.012470305 56 53 47
0.030870833 0.028290823 0.011964679 32 29 23
0.029874228 0.03577821 0.012333751 57 58 52
0.047739122 0.025539637 0.021934807 106 99 86
0.046659112 0.023226924 0.02033484 118 113 103
0.052236244 0.029626362 0.023789227 69 57 40
0.052756943 0.026873834 0.025506616 72 62 45
0.057357349 0.024265617 0.029629409 91 82 69
0.056497991 0.028728269 0.027741492 77 67 50
0.011115221 -0.0292258 -0.020858705 50 25 13
0.016422942 0.00055785477 -0.0092095137 53 35 19
0.015867408 0.0056683645 -0.011051238 66 48 32
0.015941648 0.0052592754 -0.013011038 66 48 32
0.016038341 0.0018351525 -0.011039913 31 15 0
0.015745498 0.0029700994 -0.016356468 53 37 21
0.016026411 0.0051376447 -0.015132725 66 48 32
0.014949627 0.0083513111 -0.017947018 72 50 32
0.014895367 0.0058489144 -0.019492984 69 49 31
0.035869323 0.033617795 0.013157964 13 14 8
0.035792459 0.027931161 0.013260186 26 22 12
0.037687618 0.028075494 0.014135003 23 19 8
0.037603725 0.03298565 0.013826072 15 14 8
0.043850832 0.028618902 0.018516243 27 23 7
0.042751882 0.027664214 0.017397285 30 26 12
0.049240157 0.034013852 0.018630147 57 49 32
0.050955236 0.031933136 0.021735847 57 47 30
0.055398583 0.03238266 0.024542093 71 61 44
0.053980149 0.03585811 0.020823121 65 55 38
0.011544045 -0.016276456 -0.024362028 93 76 57
0.0091812275 -0.014478132 -0.024891138 94 77 58
0.0079740901 -0.018619783 -0.026854396 102 78 62
0.009985473 -0.019821793 -0.026007175 82 57 43
0.015489597 -0.0024286658 -0.011752248 65 45 27
0.015028059 -0.0048744082 -0.010957778 56 40 24
0.011649258 0.016667642 -0.021990776 121 102 90
0.0095560923 0.018883243 -0.024500966 113 89 73
0.0094684549 0.016050667 -0.027996778 115 90 76
0.011813676 0.014190346 -0.024944305 110 89 75
0.0066541415 0.027744964 -0.017633617 128 101 86
0.0090041868 0.025843278 -0.016057909 118 94 78
0.010899927 0.039326385 0.0016058087 100 78 62
0.0131326 0.032491125 0.0058351755 112 91 77
0.012444451 0.038071632 0.0070354342 109 87 71
0.011712285 0.042458445 0.0020782948 74 54 38
0.023078226 0.029854015 0.011947453 32 23 18
0.022187214 0.035299048 0.013496161 41 31 22
0.020356085 0.034569554 0.013830006 36 24 14
0.021050856 0.030946746 0.012609839 30 16 7
0.045452889 0.033553399 0.016815662 25 19 3
0.046972129 0.032285087 0.018967807 29 23 6
0.052401885 0.038604744 0.016953707 63 53 36
0.046534851 0.035930708 0.015398324 51 43 26
0.013420062 -0.0047173053 -0.013203621 54 36 20
0.012311684 -0.0037591979 -0.014050961 50 32 16
0.010793429 -0.0045464411 -0.01556319 59 41 25
0.013322458 -0.0075842887 -0.013680995 52 38 21
0.013143912 -0.0016007498 -0.01613009 44 26 10
0.013630984 9.7870827e-005 -0.017336249 38 22 6
0.012712637 0.0029631332 -0.020079076 41 25 9
0.0094007365 0.011974268 -0.030106425 102 80 64
0.011770036 0.010693297 -0.026757419 92 70 54
0.009530548 0.044743523 -0.0015095472 78 58 42
0.009343747 0.040645964 -0.0014172196 99 77 61
0.043353703 0.033955701 0.014317632 23 18 7
0.0044707041 -0.012354873 -0.025855482 82 68 51
0.0069324151 -0.012953222 -0.025374055 82 68 49
0.0068256147 -0.007661134 -0.022611201 71 57 40
0.0040584393 -0.0071255416 -0.023738027 70 56 39
0.0084716044 0.0086250156 -0.030528247 98 72 54
0.010776289 0.0080047622 -0.027365029 89 65 47
0.0067737382 0.020411611 -0.026164889 130 103 88
0.0064210054 0.017024398 -0.029802382 125 98 83
0.015746612 0.043789312 0.00048422813 55 41 24
0.013787454 0.047713421 -0.001974225 70 52 36
0.040478621 0.032779939 0.013991535 17 15 5
0.042399362 0.032384753 0.015334725 23 19 8
0.04359166 0.037181616 0.012042522 36 29 16
0.040618777 0.034776703 0.011633992 19 15 5
0.004613677 -0.020182461 -0.027376533 102 73 59
0.0034967586 -0.025991112 -0.026325166 77 47 33
0.0050730836 -0.026141152 -0.025282383 74 45 31
0.0062857214 -0.020820573 -0.026667297 86 56 45
0.0043724589 -0.017223649 -0.027553439 98 76 60
0.006157415 -0.017850943 -0.027286768 115 88 73
0.0090669841 0.0061247498 -0.027537942 90 66 48
0.0069377758 0.0041400716 -0.026793659 77 58 38
0.00639157 0.012342118 -0.03209579 108 83 69
0.0075604934 0.043814868 -0.0038514137 87 65 49
0.0072472207 0.041147329 -0.0037207603 108 84 68
0.015916694 0.039640054 0.0069984794 48 32 16
0.038084041 0.033446863 0.012152851 12 11 5
0.0058429763 0.0089485571 -0.032287836 101 77 61
0.010482645 0.048719004 -0.0025399923 82 60 44
0.018867256 0.04018759 0.0067774653 51 39 22
0.020232733 0.044902809 0.0013911128 56 44 27
0.017192813 0.035860568 0.011603177 101 85 70
0.01933259 0.036865987 0.01023072 45 30 17
0.047917861 0.04155077 0.01184237 64 54 37
0.0028271899 -0.020455413 -0.028137028 98 65 54
0.005253613 0.00015447289 -0.022500515 86 67 47
0.0060244501 0.00099255145 -0.022247136 83 64 44
0.0059552453 0.0027046502 -0.024928093 77 58 38
0.0050555244 0.002237916 -0.025504231 82 63 43
0.0059505478 0.0038191527 -0.027864695 80 59 39
0.0072322655 0.0058669299 -0.029565692 87 64 44
0.00487593 0.0059701651 -0.031247199 92 70 52
0.0040704329 0.0035359338 -0.029017627 85 64 44
0.019518219 0.049977854 -0.0012806058 54 40 21
0.024637628 0.045470595 0.0026203394 67 53 36
0.022741914 0.040812321 0.0064411163 48 39 26
0.018682862 0.035316132 0.012812674 46 31 18
0.020550326 0.035647005 0.011896729 40 28 18
0.018543519 0.032971963 0.01461643 80 64 54
0.018306598 0.032341436 0.013542235 80 64 54
0.019421104 0.032059386 0.013595462 60 44 34
0.01904897 0.033757858 0.014327288 58 42 32
0.038993351 0.039364114 0.0091216564 42 37 26
0.042442601 0.043171644 0.0075685382 71 56 41
0.037837517 0.045605808 0.0045844913 71 58 45
0.033506054 0.040906191 0.0069878697 45 40 29
0.0039987694 -0.0031665489 -0.023570538 83 63 45
0.003387522 -0.00025311112 -0.023434103 90 70 52
0.001499448 -0.025799967 -0.026887178 81 48 37
0.0070360601 -0.0032964647 -0.022226155 75 58 39
0.0074593537 -0.0010557771 -0.020171106 72 55 36
0.0090969335 -0.0033391416 -0.017880917 70 52 36
0.0033819582 0.0018496737 -0.026282787 81 61 43
0.024757113 0.051469624 8.4042549e-005 40 30 13
0.0224564 0.037752293 0.0088165998 39 32 19
0.014794499 0.034416333 0.012153625 115 94 80
0.016717846 0.033246152 0.013235688 118 101 89
0.038451221 0.032908283 0.013573706 17 14 7
0.036525309 0.033362351 0.012456715 10 11 5
0.036710467 0.03590735 0.0093789697 14 11 4
0.034476526 0.034279004 0.010573626 16 20 13
0.031026691 0.045842655 0.0029283762 75 62 47
0.027503241 0.041212484 0.0064004064 51 44 31
0.026361205 0.037659511 0.0079226494 35 31 21
0.023064692 0.035993457 0.01089704 40 35 24
0.019722439 0.034761399 0.013079643 37 22 9
0.021374747 0.035329401 0.0125072 38 28 19
0.031277034 0.03689868 0.0080661178 38 35 28
0.030146018 0.035239436 0.0097202659 62 65 62
0.026091091 0.035891235 0.0097829103 53 50 44
0.023712188 0.035901383 0.011736572 46 41 30
0.033115268 0.034755707 0.012523949 26 29 25
0.033188172 0.03456182 0.011536002 26 29 25
0.057557948 0.081252739 0.03903836 24 20 9
0.050804626 0.088871777 0.032758474 24 20 10
0.048036758 0.081877112 0.02196908 39 33 17
0.054929182 0.07496129 0.029225588 33 29 13
0.02646935 0.035947517 0.011001289 53 50 44
0.029737275 0.035616025 0.010946333 57 58 52
0.04362078 0.094937831 0.028009295 24 20 10
0.040974591 0.086528227 0.016671062 45 37 20
0.03694424 0.0994111 0.024771571 23 19 9
0.027916595 0.092108727 0.010313511 49 39 22
0.03443389 0.08955811 0.012949288 52 42 25
0.030058078 0.10276946 0.022347093 24 20 10
0.022961665 0.1051392 0.020212352 24 20 9
0.015627712 0.10676236 0.018424988 23 19 8
0.014585264 0.094505489 0.0068855286 61 47 30
0.021410901 0.093487725 0.0080772638 56 44 25
0.019019168 0.078401923 0.0014254451 84 65 45
0.016941246 0.06197612 -0.0021926165 91 71 55
0.022846729 0.062573493 -0.00079458952 81 65 49
0.025072265 0.077619061 0.0028511286 73 56 37
0.028403506 0.06283392 0.0017944574 79 65 48
0.031220224 0.076801062 0.0051076412 66 50 34
0.037249271 0.075374275 0.0086016059 64 50 33
0.034507018 0.062369615 0.0047254562 71 59 42
0.040209252 0.061005473 0.0079156756 69 66 52
0.043984897 0.072060436 0.013180792 60 48 31
0.047353782 0.057279602 0.012512207 53 50 34
0.051730789 0.066683024 0.019823551 66 56 39
0.057660833 0.061293364 0.027366877 42 40 22
0.054064073 0.052814238 0.020415962 52 49 33
0.058599919 0.048856288 0.027204156 57 53 42
0.061829045 0.054884523 0.034032106 22 21 7
0.013604712 -0.055607457 -0.016088605 79 64 44
0.015185755 0.00098317862 -0.017069817 31 15 0
0.014260445 0.0039915144 -0.020210147 56 38 22
0.014697988 -0.0017934665 -0.014793754 51 33 17
0.012571661 0.030276328 0.00066304207 111 90 76
0.013048096 0.013552494 -0.019081891 109 89 73
0.013131013 0.011931159 -0.021971583 98 78 62
0.014781995 0.0095203891 -0.015805542 77 55 37
0.013177173 0.008891888 -0.023428679 80 58 40
0.012682531 0.0066829547 -0.023703575 76 54 36
0.011432227 0.0052995458 -0.023342311 76 56 38
0.037381876 0.0030832738 0.0008919239 105 87 72
0.030641768 0.0061417669 -0.00053375959 100 82 66
0.035261776 0.0084873438 0.0037541986 97 78 66
0.034527119 0.014410123 0.007388711 76 58 50
0.033624779 0.027970254 0.012482524 32 29 22
0.037652582 0.024185956 0.013260663 57 48 35
0.035213292 0.02396144 0.011950493 58 49 38
0.037116092 0.018649697 0.011097789 89 77 68
0.050382201 -0.031817637 0.013503313 89 79 62
0.045285549 -0.032078572 0.0054718256 92 78 59
0.05461064 -0.031801127 0.022899628 83 79 62
0.055715494 -0.022926651 0.021579802 100 92 76
0.050960183 -0.022791382 0.012484848 100 88 71
0.061034605 0.0076591372 0.029374242 124 119 109
0.058739446 0.003845267 0.023901463 120 113 100
0.045591418 -0.023108974 0.0040854216 105 89 73
0.033674255 -0.069835618 0.011771142 36 34 16
0.043525834 0.0015377849 0.0045331717 103 87 71
0.054466121 0.0020074993 0.016372085 99 86 71
0.049127363 0.00088024139 0.0096651912 100 86 69
0.024800509 0.0099387467 -0.00066864491 111 95 79
0.014163025 0.011231132 -0.013666868 85 63 47
0.012757342 0.015494518 -0.016590476 117 96 82
0.0067061298 0.023021556 -0.022964478 130 103 88
0.0092868656 0.02131629 -0.021409631 118 94 78
0.039767247 0.02492743 0.014662206 56 47 34
0.045276508 0.021470666 0.018172741 109 103 96
0.041605897 0.026281118 0.016196012 43 36 25
0.049453519 0.01668594 0.018710673 126 120 113
0.040905975 0.0075227991 0.0059390664 101 84 72
0.06009154 0.034051619 0.031083703 103 99 85
0.058177523 0.038911223 0.025774419 92 86 69
0.055643193 0.043117061 0.020087063 51 47 30
0.051181547 0.046974905 0.013227999 38 34 18
0.044702269 0.050027609 0.0074040294 38 32 16
0.038422 0.051544145 0.0039840937 29 25 11
0.031665098 0.051833287 0.0017021894 39 33 17
0.013030639 0.079118222 0.00038266182 90 69 47
0.011311876 0.061631039 -0.0029059649 96 74 58
0.015840326 -0.015840948 -0.020270526 59 45 26
0.013830405 -0.019398041 -0.023320615 99 79 63
0.011282787 0.018877476 -0.019232452 125 103 87
0.010946339 -0.024119154 -0.024080634 71 48 36
0.012200369 -0.022450566 -0.024078488 74 49 37
0.0088996682 -0.022048771 -0.025794625 76 48 37
0.0086778868 -0.027983606 -0.022815406 64 39 25
0.0069536585 -0.026621774 -0.024181962 70 43 29
0.015461303 0.031467438 0.010850251 117 98 86
0.01726309 0.028775491 0.0097759962 123 104 92
0.01863846 0.030156173 0.011695623 107 91 81
0.017158287 0.031462185 0.012651503 116 99 87
0.010566309 0.034705453 -0.0018351078 109 85 69
0.020213481 0.01748684 0.0017650723 127 112 97
0.020388328 0.014158458 -0.00085240602 130 116 99
0.018174125 0.033149466 0.013693511 106 89 77
0.066711515 -0.0060155392 0.056261539 90 81 68
0.06797155 0.0016796663 0.057861149 44 39 28
0.067039311 0.0046310425 0.048683703 51 47 36
0.019061027 0.0041431636 -0.0066940784 73 55 39
0.0096956044 -0.0065558702 -0.018682659 64 50 33
0.0073581655 0.0030866191 -0.023261189 74 55 35
0.0090022758 0.0021822006 -0.019956827 74 57 38
0.041753385 0.030114457 0.016636729 29 25 14
0.040635649 0.029502705 0.015774071 25 22 8
0.040426172 0.032536641 0.015042007 21 17 7
0.039241251 0.028674722 0.014885902 23 19 8
0.03932206 0.032313354 0.014908612 19 17 7
0.06257946 0.072871879 0.045391977 24 21 7
0.060273424 0.067828968 0.035670519 27 23 7
0.041524362 0.031989738 0.016334176 24 20 10
0.043568354 0.031638674 0.016790986 28 24 10
0.040557321 0.031786263 0.016126812 25 21 11
-0.00066952035 -0.084312141 -0.00083708763 40 35 15
-0.00068904273 -0.087036781 0.0067819953 45 42 22
0.0057650693 -0.083634444 0.00076174736 35 31 14
0.012705009 -0.081714839 0.0028117299 31 27 10
0.019796833 -0.078524284 0.0060121417 28 26 8
0.013567152 -0.084135838 0.010645449 33 31 13
0.020920943 -0.080798164 0.013334572 28 25 9
0.012377735 -0.011904635 -0.020359337 65 51 32
0.0061418358 -0.086330138 0.0084421635 36 32 15
0.039169803 0.01402358 0.0090384483 92 76 67
0.042680461 -0.065784268 0.029655576 46 45 29
0.058327161 -0.031469986 0.032201648 98 95 79
0.054142632 0.01063358 0.019369364 122 113 100
0.048190907 0.028970771 0.022206485 39 31 14
0.047732659 0.030717716 0.020936966 34 26 9
0.044421833 0.030312411 0.018963337 29 25 11
0.044179138 0.031103864 0.018119335 29 25 11
0.042289548 0.030950762 0.017512679 27 23 12
0.042273227 0.031333797 0.017461777 27 23 12
0.041276146 0.031357214 0.017055869 27 23 12
0.060963377 -0.032816336 0.044548392 106 105 89
0.061906062 0.011670612 0.032942355 125 121 111
0.044327896 0.02954866 0.019033253 27 23 7
0.042179663 0.030564606 0.01710546 29 25 14
0.04812178 0.027255952 0.022779286 46 38 22
0.052327886 0.024046324 0.025602162 87 80 67
0.057169929 0.020225912 0.028824627 105 100 89
0.0091838054 -0.0096982867 -0.021376252 65 51 34
0.01614742 0.0019479692 -0.013271272 39 23 7
0.015758967 -0.00048226863 -0.013602674 50 32 16
0.065043695 0.0079605058 0.040140569 119 115 104
0.063062452 -0.026041277 0.049006462 107 107 97
0.06090223 -0.035343185 0.054191291 99 97 79
0.064825438 0.05987788 0.042316377 25 24 10
0.066846624 0.064233631 0.051899076 25 24 10
0.067905188 -0.0014292747 0.067793429 125 114 99
0.066578358 -0.0098409429 0.066509664 106 102 88
0.062796287 -0.028063297 0.059635639 92 89 75
0.043513421 -0.066797815 0.039273858 43 43 25
-0.00067379326 -0.089556895 0.013101041 44 40 23
0.0066927429 -0.088672139 0.015058756 36 32 15
0.014071664 -0.086538933 0.017750204 33 29 12
0.021319732 -0.082958706 0.020540059 29 26 10
0.014182422 -0.088688374 0.024263322 31 27 10
0.02181058 -0.084867984 0.027847946 31 29 11
0.0067991223 -0.091150776 0.021259129 32 30 12
-0.0007091444 -0.09221597 0.019105315 41 37 20
0.029230785 -0.077935897 0.023561954 32 30 12
0.028478 -0.07626117 0.016051114 30 28 10
0.036989313 -0.073529944 0.035536587 35 35 17
0.029530946 -0.079681203 0.03167063 29 27 9
0.024970688 -0.072245821 0.0027012825 39 35 18
0.027127136 -0.074519776 0.0093256831 31 29 11
0.035450384 -0.071156561 0.018639207 38 36 18
0.036582854 -0.072149806 0.026733458 39 37 19
0.061919808 0.043260291 0.033482075 36 33 19
0.061376527 0.028293349 0.034796655 107 99 83
0.065068103 0.047145151 0.040591061 18 14 4
0.063900918 0.036727928 0.039039075 64 60 49
0.065169744 0.028790228 0.04323113 112 108 94
0.067507185 0.029321015 0.049766064 32 29 15
0.06683746 0.038738795 0.046351016 22 18 7
0.068274066 0.050652683 0.04903394 22 18 8
0.069704652 0.040425196 0.054483056 24 21 7
0.069812767 0.029665105 0.057832658 22 19 5
0.069999598 0.053853579 0.059387028 22 18 7
0.071899846 0.041363865 0.064026177 26 23 9
0.071558915 0.02900096 0.067434549 28 25 9
0.069127247 0.009984009 0.058760822 34 30 19
0.06794703 0.012082689 0.050179064 42 40 29
0.065800861 0.014068983 0.042416692 100 98 87
0.069170773 0.0076981038 0.06799984 126 121 110
0.070155621 0.017627269 0.068076968 101 99 88
0.070069775 0.018990651 0.059057415 40 41 27
0.062597722 0.021479242 0.036501288 121 116 105
0.062407278 0.016597435 0.035056829 123 119 109
0.06592603 0.020594895 0.044135451 125 121 110
0.068171911 0.020049721 0.050978422 58 56 45
0.041578747 0.030883066 0.01743871 27 23 12
-0.00060892105 -0.025776058 -0.02693373 84 53 42
-0.067939162 -0.019201107 0.032607496 155 139 123
0.060465485 -0.029404692 0.038927734 95 94 80
-0.01289832 0.036076419 0.011863232 31 24 11
-0.011441099 0.036332734 0.011716723 38 30 14
-0.0097759301 0.035520755 0.010453641 55 43 26
-0.0069772499 0.038001932 0.00659132 64 49 34
-0.0046524624 0.042274624 -0.00031286478 83 65 49
-0.0030339304 0.046039172 -0.0019273758 89 70 50
-0.00033489056 0.045850359 -0.0038797855 95 75 57
0.0045254994 0.046587944 -0.0053866506 97 75 59
0.0090544559 0.045740247 -0.0030833483 83 61 45
0.011183932 0.045604467 -0.00067740679 74 54 38
0.012703096 0.043038845 0.0013865829 60 44 28
0.013539057 0.038412228 0.0080441236 107 87 71
0.015686598 0.035040587 0.012254596 118 100 85
0.017442295 0.034851536 0.0131675 121 104 92
0.018606693 0.034053102 0.013576746 58 42 32
0.027547758 0.029595353 0.012962401 41 36 30
0.025080532 0.030073076 0.013108015 37 31 25
0.03028379 0.028933652 0.012944221 41 36 30
0.036999997 0.028495021 0.014555395 23 19 8
0.03517108 0.028550871 0.013913631 27 24 17
0.021070044 0.030972011 0.013814092 30 16 7
0.023014277 0.030410826 0.013362586 32 23 18
0.019443054 0.032052755 0.014316916 60 44 34
0.018703043 0.032489732 0.014544427 80 64 54
0.032926697 0.028628409 0.013299465 39 36 29
0.038591232 0.029008143 0.015158176 23 19 8
0.040144302 0.029697001 0.016052604 23 19 8
0.041114725 0.030304685 0.016906619 29 25 14
-0.01985801 0.034067698 0.010600209 21 16 9
-0.022375755 0.033858933 0.010112107 20 19 15
-0.025211122 0.03357669 0.0097991824 43 43 45
-0.030195471 0.033704877 0.010157824 92 89 92
-0.03214141 0.033852927 0.010599911 88 84 82
-0.017716331 0.0339185 0.011122584 24 20 9
-0.015819091 0.034028761 0.011843145 27 20 7
-0.013358656 0.03487955 0.012928128 32 25 12
-0.014133987 0.034649253 0.012526035 35 27 11
-0.02790615 0.033729821 0.0098278522 90 92 94
-0.033862092 0.034507453 0.011153817 68 63 57
-0.035493776 0.035422981 0.011880875 62 56 49
-0.03659182 0.036119685 0.012696922 47 37 28
-0.036989197 0.036708117 0.013219416 28 20 11
0.041578766 0.030708835 0.017334819 29 25 14
-0.0086122155 0.00038262457 -0.018364012 101 72 53
0.011003062 -0.00093764067 -0.017287731 54 38 22
-0.021511221 -0.030593485 -0.014241517 72 51 39
-0.021480961 -0.031487808 -0.014465511 51 28 16
-0.018446961 -0.029549494 -0.014794827 74 48 39
-0.017809495 -0.031810626 -0.015457749 96 65 60
-0.015264228 -0.028883196 -0.016682863 74 42 37
-0.01531468 -0.031531025 -0.016907692 122 89 86
-0.0051903166 -0.026093945 -0.021577597 75 44 35
-0.0057485332 -0.029761776 -0.021989405 82 48 40
-0.0076702386 -0.02986557 -0.020824552 95 59 52
-0.0071592294 -0.026375178 -0.020507276 76 45 36
-0.0028938688 -0.026270516 -0.022464871 75 44 33
-0.0033154786 -0.029922683 -0.023048222 74 41 30
-0.00099962763 -0.02644017 -0.022878468 79 48 37
-0.0014389977 -0.030054595 -0.023569345 68 35 24
-0.012392593 -0.030932911 -0.018302262 138 101 98
-0.012560237 -0.027955517 -0.017735541 70 38 31
-0.010022488 -0.027150035 -0.018988192 72 40 33
-0.0098427078 -0.030203141 -0.019364417 98 64 57
-0.021802612 -0.030792706 -0.014667153 61 40 28
0.015795322 -0.032868132 -0.0162673 59 36 24
0.012511458 -0.032994822 -0.018138826 87 59 50
0.013224978 -0.030594833 -0.016991615 49 26 14
0.016034665 -0.03192896 -0.015998542 49 28 16
0.0099206232 -0.032328427 -0.019364595 78 50 41
0.010721397 -0.029654272 -0.018835545 50 25 13
0.0025459621 -0.026443355 -0.02257961 73 44 30
0.0043218117 -0.026713073 -0.021888375 74 45 31
0.003548881 -0.03022866 -0.022311151 58 27 16
0.0021098591 -0.030115403 -0.022955716 59 28 17
7.4094161e-005 -0.030115422 -0.023484528 67 34 23
0.00065838732 -0.026480667 -0.022907555 80 50 36
0.0073008854 -0.031386774 -0.020657659 70 40 29
0.005221922 -0.03055549 -0.021305382 61 31 22
0.0061058141 -0.027563155 -0.020934105 65 38 24
0.0077593904 -0.028406769 -0.020256281 56 29 15
0.016300064 -0.032261577 -0.016406119 49 28 16
0.028804414 -0.018197827 -0.011882842 94 79 60
0.025554541 -0.010970131 -0.011713028 84 64 48
0.021568883 -0.004283011 -0.010093212 73 49 31
0.017734773 0.0016320497 -0.0077289343 57 39 23
0.015666964 0.0074756294 -0.0092158914 70 50 32
0.013905074 0.013166487 -0.011553705 99 77 61
0.012441758 0.017613724 -0.014302611 121 102 90
0.01095124 0.021171562 -0.016550243 113 91 75
0.0090768225 0.023755513 -0.018517375 121 97 81
0.006712446 0.02559156 -0.019937396 128 101 86
0.0033905208 0.026727617 -0.020587742 139 114 100
-0.00011595339 0.026181459 -0.020309508 148 123 111
-0.0028557144 0.024797335 -0.019182384 143 118 104
-0.0052806493 0.022596098 -0.017464697 135 111 95
-0.0075359233 0.019346043 -0.015400529 137 113 97
-0.0099643413 0.015135348 -0.012908041 146 119 104
-0.012787808 0.0097653344 -0.010801554 134 107 92
-0.01551762 0.0040444806 -0.0093256235 114 85 66
-0.020359637 -0.0015379041 -0.011954963 111 81 64
-0.025537256 -0.007949926 -0.013917923 121 93 74
-0.030322678 -0.014996469 -0.01400423 131 109 93
-0.036858682 -0.029203124 -0.010884643 140 122 106
-0.038039934 -0.035295904 -0.009305954 137 121 105
-0.038339227 -0.04125528 -0.0083819628 129 114 95
-0.035392646 -0.050882109 -0.0082309246 110 97 74
-0.032690816 -0.055274047 -0.0094258189 95 83 64
-0.029703185 -0.060217373 -0.01157093 104 94 77
-0.025979484 -0.06558831 -0.014526308 92 84 67
-0.021110201 -0.068867356 -0.017276645 67 61 45
-0.015804108 -0.070477523 -0.019066691 70 62 46
-0.010894123 -0.071126074 -0.020029008 56 50 34
-0.0063140425 -0.071401328 -0.020494282 51 47 31
-0.001730388 -0.071783669 -0.020153821 57 53 36
0.0033209063 -0.071934253 -0.019174099 53 47 30
0.0089462362 -0.07121335 -0.017294168 53 47 30
0.014330126 -0.068776384 -0.014310002 51 45 28
0.018888922 -0.064005569 -0.011173368 66 59 39
0.022666916 -0.05951773 -0.0087810159 71 59 40
0.026228126 -0.055376887 -0.0072149634 67 53 36
0.031156924 -0.045518029 -0.006896615 79 65 46
0.031950627 -0.039290763 -0.0078837872 76 62 43
0.032154758 -0.032959793 -0.0093452334 73 61 42
0.03822222 -0.012048639 -0.0047687888 100 83 64
0.030718025 -0.00416141 -0.0072729588 93 72 52
0.024703592 0.001951851 -0.0063804984 78 57 37
0.0200416 0.0073972419 -0.0053877831 77 57 41
0.016632657 0.012622088 -0.0062485933 84 66 50
0.014455874 0.01797881 -0.0080928206 128 113 100
0.01251238 0.022357248 -0.009804666 120 98 82
0.010784123 0.025662199 -0.011742771 117 93 77
0.0090457574 0.028250925 -0.013553381 121 97 81
0.0067350399 0.030034229 -0.015087128 119 95 79
0.0034651048 0.031061329 -0.015716076 129 104 90
-0.038796589 -0.0071851388 -0.0082364678 147 122 108
-0.029734882 -0.00021328032 -0.010312259 136 109 94
-0.022634467 0.0053175017 -0.008852303 129 101 83
-0.017074605 0.010306835 -0.0073458552 138 111 96
-0.013231369 0.01499556 -0.0078659654 136 109 94
-0.010001168 0.02003786 -0.0093770623 121 99 83
-0.0072819674 0.024054043 -0.01087594 115 93 77
-0.0048863622 0.027081691 -0.012595713 107 85 69
-0.0026302431 0.029316917 -0.01418227 119 96 82
8.1311911e-005 0.030622348 -0.015457034 144 119 105
-0.042343672 -0.018398635 -0.0061436892 136 117 105
-0.044795178 -0.027124707 -0.0040315986 129 114 99
-0.045834254 -0.034883521 -0.0026808977 121 108 93
-0.046007253 -0.042022862 -0.0017021298 124 112 93
-0.042280611 -0.053975802 -0.0017464757 118 104 85
-0.038852412 -0.059843794 -0.0028731823 87 79 62
-0.034671336 -0.065386593 -0.0047979355 77 72 52
-0.029637672 -0.070505224 -0.0075752735 67 63 46
-0.023885839 -0.074306428 -0.0099697709 58 54 38
-0.017887203 -0.076951206 -0.011772871 56 52 36
-0.011996238 -0.078151807 -0.012851536 44 38 21
-0.0067866324 -0.078703582 -0.013109148 43 38 18
-0.0015930757 -0.078994915 -0.012784839 38 35 15
0.004386628 -0.078755997 -0.011552155 37 34 14
0.010790646 -0.077142403 -0.0094723701 34 32 14
0.017040543 -0.07431294 -0.0066005588 41 37 20
0.02287532 -0.069856539 -0.0033594966 47 41 24
0.02802543 -0.064920016 -0.0010045171 45 42 22
0.032475587 -0.059534203 0.00049519539 49 42 22
0.038305439 -0.047727715 0.0010616779 80 66 46
0.039584454 -0.04039501 0.00029247999 83 69 49
0.039797094 -0.032355756 -0.00086855888 91 76 56
0.039619703 -0.023434192 -0.0031827688 90 74 58
0.051143512 -0.0063578561 0.010775626 112 98 81
0.056685567 -0.0059032962 0.019378364 110 97 82
0.065089278 -0.016116001 0.064126611 101 97 81
0.065282136 -0.012863979 0.054004192 107 104 90
0.061797865 -0.0048675314 0.030538976 129 116 101
0.064204238 -0.0094255805 0.043151796 71 68 54
0.045376699 -0.0060542822 0.0034068227 107 93 74
-0.058048952 0.0028606728 0.013471484 149 133 117
-0.051808205 0.0012110472 0.0055388212 146 128 112
-0.068403341 0.0012178794 0.035920024 157 144 129
-0.063878193 0.0050287172 0.023841023 153 139 122
-0.071154773 -0.0017874166 0.046465933 159 144 129
-0.072605282 -0.0049165338 0.056539059 167 149 133
-0.045452256 0.00043907017 -0.0011689663 142 124 108
0.038801536 -0.0035149679 -0.0021693707 107 89 73
-0.038076781 0.0018935725 -0.0060637593 140 116 100
0.025042713 0.0058476031 -0.0038810372 101 81 65
0.020436727 0.010633856 -0.0036577582 84 66 50
0.031485036 0.0010545701 -0.0041925907 105 85 67
0.014666973 0.020465732 -0.0061990023 135 118 106
0.017025352 0.015579849 -0.0046881437 128 113 100
0.012627814 0.024631321 -0.0075901747 120 98 82
0.010841999 0.028205924 -0.0092081428 115 93 77
0.0090942457 0.030749545 -0.010874569 115 91 75
0.0067132395 0.032607578 -0.01237148 115 91 75
0.0035365038 0.033310115 -0.013139606 126 99 84
-0.017074175 0.013685197 -0.0056812763 131 104 89
-0.022576474 0.009499602 -0.0063736439 126 97 82
-0.013080677 0.018101893 -0.0062722564 121 97 81
-0.029875299 0.005501084 -0.0073857307 130 104 86
-0.0047719241 0.029635847 -0.010032058 100 78 62
-0.00717809 0.026445806 -0.0085770488 102 82 66
-0.0025175046 0.031844668 -0.011471868 95 73 57
0.00024261512 0.033199802 -0.012702823 136 109 94
-0.0099094938 0.022563264 -0.0074674487 109 89 73
-0.053486228 -0.0061839446 0.006893754 151 135 119
-0.059395391 -0.0054114759 0.015536904 156 142 125
-0.0476196 -0.006816484 -0.0011766553 148 130 114
-0.030888345 -0.023397893 -0.014789522 125 111 92
-0.034173407 -0.022238977 -0.013026357 136 118 102
-0.037824456 -0.020477585 -0.010241091 137 116 102
0.056692414 -0.014159173 0.021051407 103 95 78
0.051648855 -0.013626553 0.011755109 108 96 79
0.06024418 -0.015009031 0.030961394 106 102 86
0.046077829 -0.013340279 0.0032995343 109 95 76
0.024732266 -0.027178645 -0.016022921 72 60 41
0.027554069 -0.026318349 -0.013872862 63 53 36
0.031274315 -0.025746472 -0.011519253 79 67 48
0.035014801 -0.024595506 -0.0080185533 92 78 61
0.063882686 -0.021810148 0.061992466 99 95 84
0.064120419 -0.019382857 0.051832378 101 98 84
0.062881619 -0.01694186 0.041602075 102 99 85
-0.064150915 -0.0052527636 0.024730682 151 138 123
-0.068306819 -0.0064541101 0.034635782 153 142 129
-0.070895985 -0.0083953291 0.044560194 164 146 131
-0.072136864 -0.010728851 0.054601669 165 143 127
-0.028271787 -0.024553455 -0.015996695 105 91 71
0.020460241 -0.029172584 -0.018668711 65 51 34
0.022454429 -0.028141681 -0.017781556 71 57 40
0.017127112 -0.030347921 -0.018802941 60 42 27
0.018570628 -0.029761441 -0.018832207 61 45 30
-0.022751136 -0.028028034 -0.017456234 88 72 57
-0.021555565 -0.028841287 -0.017202079 81 63 48
-0.024371631 -0.027132694 -0.017575979 104 90 73
-0.026197793 -0.025883824 -0.017133594 105 91 72
-0.062614635 -0.050374996 0.037195563 148 140 124
-0.060632586 -0.049852937 0.027556539 130 124 108
-0.057867602 -0.049766146 0.01858443 129 125 108
-0.054554082 -0.04962416 0.011100113 119 113 96
-0.050059404 -0.049084127 0.0043415427 119 109 92
-0.045003094 -0.048335008 -0.0012824535 125 111 94
-0.041022494 -0.047433306 -0.0050857663 122 108 88
-0.037352718 -0.046315044 -0.0078784227 121 106 86
-0.033763696 -0.044660907 -0.0100196 122 105 86
-0.030815721 -0.04277458 -0.011134207 126 109 89
-0.028655589 -0.040490579 -0.012446463 129 113 90
-0.026379783 -0.037457787 -0.013928533 130 115 95
-0.023913423 -0.034639727 -0.015008092 122 102 86
-0.022278428 -0.032985322 -0.015619874 84 61 47
-0.020559888 -0.031375762 -0.015699565 62 36 27
-0.019951914 -0.030726478 -0.015074968 55 29 20
-0.019922443 -0.03183265 -0.014400065 52 26 17
-0.020375133 -0.030176178 -0.014150441 69 43 34
-0.020337893 -0.030156791 -0.015781224 69 43 34
-0.020845177 -0.029666279 -0.016575158 78 54 45
0.049308982 -0.059464917 0.042240739 58 56 38
0.048297442 -0.058611967 0.032074451 62 60 42
0.046309341 -0.057967596 0.022620261 62 60 42
0.043764282 -0.057115112 0.014782012 61 55 38
0.040190961 -0.055811994 0.0075697899 61 54 34
0.036054786 -0.054049458 0.0012199283 69 58 37
0.03256819 -0.052499685 -0.0031051636 71 59 40
0.029183827 -0.050757281 -0.006562233 79 65 48
0.025869559 -0.048496202 -0.0095145106 78 64 45
0.023147412 -0.045962911 -0.011660337 80 66 47
0.021156866 -0.043108478 -0.013558567 77 62 43
0.019345358 -0.039658949 -0.015343904 78 60 44
0.017405231 -0.036415931 -0.01667726 73 52 40
0.015870579 -0.034436069 -0.017214179 79 54 42
0.014832649 -0.032705389 -0.017601967 64 41 29
0.014378496 -0.03193263 -0.017075419 53 27 18
0.014444523 -0.033137999 -0.016620636 73 47 38
0.014935747 -0.031431906 -0.016104579 47 26 14
0.015220847 -0.031406783 -0.017697394 48 27 15
0.016035538 -0.031028181 -0.018328071 55 36 24
0 0 0 1 0 0 0 1 0 0 0 1 0 0 0 0 0 1347 1 0 0
